2.697083            
2.681351            
2.008667            
3.673547            
0.661004            
1.102319            
1.309346            
5.338883            
7.456556            
1.341081            
3.211903            
1.474326            
4.114103            
3.805340            
1.931069            
2.586826            
1.186431            
1.374540            
3.769331            
1.618498            
1.633721            
2.090454            
3.769331            
1.414988            
1.102319            
1.011538            
2.180085            
2.035879            
2.365320            
1.858135            
4.372412            
2.365320            
1.536334            
1.656101            
2.334822            
1.102319            
2.069334            
3.707286            
1.536334            
2.546671            
3.111238            
3.312158            
2.103343            
4.289411            
3.577089            
4.372412            
2.697083            
1.374540            
2.578896            
3.111238            
3.114661            
5.707557            
5.288367            
2.008667            
3.312158            
1.536334            
2.824259            
7.011614            
2.103343            
1.023953            
4.439683            
2.681351            
3.089562            
0.916019            
4.439683            
2.681351            
1.536334            
1.406409            
2.668775            
1.373430            
1.102319            
2.961758            
5.288367            
2.035879            
5.389915            
2.961758            
2.176833            
2.961758            
3.111238            
1.931069            
5.931143            
1.536334            
2.180085            
2.365320            
0.986753            
2.444462            
2.279863            
1.594917            
2.230435            
1.842481            
7.303798            
2.697083            
2.578896            
2.391251            
6.668880            
1.656101            
0.661004            
2.008667            
0.986753            
3.016448            
2.468609            
4.245811            
1.656101            
1.931069            
1.145081            
1.373430            
3.492221            
3.114661            
5.238356            
3.598574            
2.961758            
2.103343            
1.536334            
1.633721            
3.455126            
3.781096            
1.656101            
4.995542            
2.961758            
3.016448            
1.309346            
6.675548            
3.673547            
2.176833            
2.082848            
3.111238            
1.217683            
7.614130            
4.797808            
2.281998            
1.441245            
2.468609            
3.211903            
1.217683            
2.103343            
2.586826            
0.916019            
3.972382            
1.075919            
2.444462            
2.961758            
3.881681            
4.542667            
1.536334            
4.289411            
2.681351            
2.334822            
3.925519            
1.276922            
3.781096            
2.103343            
1.341081            
2.281998            
3.881681            
5.338237            
5.241197            
3.089562            
1.309346            
1.309346            
2.176833            
6.473982            
4.673645            
2.008667            
3.111238            
2.809694            
1.168244            
1.033160            
2.008667            
2.103343            
2.090454            
2.809694            
2.961758            
4.598630            
2.353645            
4.797808            
4.598630            
3.881681            
3.818414            
2.668775            
1.931069            
2.316518            
3.925519            
1.605265            
3.016448            
2.697083            
4.207765            
1.509299            
1.217683            
2.090454            
1.143620            
1.544971            
3.581251            
3.455126            
0.787786            
2.697083            
3.312158            
1.062453            
1.309346            
1.494667            
4.139603            
3.881681            
2.180085            
2.176833            
1.414988            
5.238356            
2.467942            
0.986753            
2.137773            
7.860220            
3.781096            
5.238356            
4.763978            
2.176833            
3.261644            
8.680806            
1.414988            
0.818305            
5.493569            
1.145081            
2.824259            
3.261644            
4.050084            
1.414988            
3.655804            
1.131048            
2.090454            
1.594917            
7.694821            
4.797808            
2.069334            
2.468609            
1.594917            
3.468553            
1.656393            
1.341081            
3.211903            
2.069334            
2.697083            
1.594917            
1.695074            
2.035879            
1.536334            
3.111238            
0.986753            
3.111238            
2.090454            
2.176833            
4.499557            
4.908682            
2.795977            
4.009300            
1.440036            
2.103343            
3.089562            
2.090454            
2.090454            
1.581364            
4.439683            
3.881681            
1.656101            
2.501389            
2.103343            
3.111238            
2.586826            
2.176833            
0.622802            
4.828602            
2.586826            
3.211903            
0.916019            
4.499557            
0.466761            
4.439683            
2.008667            
7.776836            
1.509299            
1.341081            
2.744633            
2.697083            
5.389915            
5.238356            
1.102319            
2.008667            
2.008667            
2.501389            
0.916019            
1.931069            
4.456815            
2.809694            
1.102319            
1.605265            
1.536334            
2.961758            
1.480178            
0.648860            
3.261644            
3.781096            
1.414988            
1.102319            
2.824259            
2.809694            
2.008667            
2.468609            
1.536334            
3.598574            
10.250715           
0.849821            
2.945503            
2.809694            
0.661004            
6.675548            
1.656101            
3.111238            
1.480178            
1.989958            
1.341081            
2.578896            
1.594917            
1.605265            
3.868851            
2.230435            
3.673547            
4.439683            
2.334822            
1.581364            
1.467803            
3.818414            
1.842481            
0.452027            
2.103343            
4.542667            
1.102319            
2.468609            
0.701834            
3.455126            
3.781096            
1.131048            
1.188264            
1.341081            
1.594917            
0.916019            
2.090454            
2.578896            
2.103343            
4.840799            
1.656101            
2.008667            
2.090454            
1.143620            
1.605265            
3.987236            
1.426293            
2.281998            
3.468553            
2.578896            
3.111238            
2.172632            
2.744633            
1.656101            
2.578896            
3.881681            
1.931069            
4.433357            
3.111238            
3.881681            
1.695074            
1.816066            
1.414988            
3.111238            
4.453218            
3.769331            
1.857305            
1.734563            
2.176833            
3.881681            
2.176833            
1.931069            
1.656101            
3.881681            
2.444462            
5.493569            
8.574564            
1.734563            
1.131048            
2.090454            
1.494667            
3.972382            
1.217683            
2.824259            
2.824259            
1.102319            
2.176833            
4.207765            
9.971786            
5.874282            
2.546671            
2.388959            
1.656101            
4.797808            
1.309346            
6.371542            
1.217683            
3.970535            
9.971786            
2.546671            
2.809694            
5.241197            
1.858135            
2.681351            
5.241197            
5.188841            
4.797808            
3.114661            
1.062453            
3.455126            
1.131048            
1.309346            
2.467942            
8.031281            
2.795977            
3.932069            
0.729586            
2.444462            
1.605265            
3.455126            
6.906311            
2.103343            
1.536334            
3.881681            
1.440036            
1.102319            
3.673547            
1.145081            
3.970535            
3.781096            
1.656101            
2.008667            
1.656101            
1.143620            
3.455126            
2.824259            
3.162915            
4.855321            
3.781096            
4.840799            
3.598574            
2.090454            
3.016448            
1.145081            
2.824259            
4.499557            
7.083074            
4.439683            
2.230435            
3.211903            
3.970535            
2.082848            
2.501389            
2.103343            
0.648860            
4.562394            
0.986753            
2.945503            
2.578896            
4.207765            
4.598630            
3.655804            
1.774885            
2.090454            
3.689278            
0.818305            
3.598574            
1.143620            
4.828602            
2.069334            
3.067122            
1.781075            
0.986753            
1.816066            
2.090454            
1.075919            
2.501389            
5.288367            
1.033160            
5.874282            
4.499557            
1.594917            
1.842481            
4.114103            
2.180085            
3.972382            
4.439683            
2.824259            
3.781096            
2.281998            
4.207765            
2.809694            
1.278211            
1.536334            
0.898181            
3.312158            
4.750280            
5.074416            
0.916019            
3.598574            
1.656101            
2.468609            
2.243669            
2.103343            
0.916019            
1.857305            
2.082848            
4.248421            
2.429347            
2.334822            
1.102319            
2.578896            
1.656101            
3.805340            
1.656393            
4.674275            
3.312158            
1.143620            
2.230435            
0.701834            
1.858135            
2.069334            
3.312158            
2.103343            
4.382706            
1.102319            
4.828602            
4.840799            
3.211903            
2.090454            
6.348147            
2.230435            
2.090454            
3.881681            
1.186431            
0.758225            
3.111238            
2.090454            
1.581364            
3.089562            
5.441474            
6.871688            
2.619766            
1.931069            
1.467803            
2.090454            
1.414988            
5.241197            
2.795977            
4.139603            
2.883782            
4.598630            
1.309346            
5.241197            
3.089562            
2.388959            
2.180085            
2.002551            
2.578896            
3.261644            
0.916019            
2.180085            
1.414988            
1.605265            
2.752989            
2.090454            
3.655804            
1.373430            
2.883782            
3.111238            
3.769331            
2.090454            
2.090454            
2.069334            
2.002551            
0.599067            
2.697083            
1.656101            
2.945503            
0.916019            
2.468609            
1.605265            
2.180085            
2.281998            
2.578896            
2.090454            
3.673547            
2.388959            
1.857305            
0.986753            
3.577089            
4.139603            
3.781096            
4.542667            
3.114661            
4.139603            
2.172632            
1.656393            
2.008667            
2.176833            
2.334822            
1.656101            
2.809694            
1.594917            
4.114103            
4.840799            
4.439683            
0.701834            
2.137773            
5.599418            
1.102319            
1.143620            
3.261644            
3.114661            
3.455126            
2.090454            
0.378395            
1.656101            
2.697083            
1.656393            
0.762916            
2.388959            
1.373430            
1.062453            
4.697990            
3.781096            
2.180085            
4.050084            
1.581364            
4.114103            
2.467942            
3.972382            
3.114661            
1.426293            
3.111238            
2.681351            
2.824259            
3.455126            
1.480178            
3.972382            
1.414988            
3.455126            
1.931069            
4.797808            
5.338883            
3.925519            
5.238356            
0.916019            
3.881681            
3.312158            
1.426293            
1.656393            
1.594917            
2.008667            
3.868851            
8.574564            
0.996947            
3.598574            
2.619766            
1.536334            
1.857305            
3.972382            
0.818305            
1.414988            
1.536334            
3.111238            
3.707286            
2.824259            
5.694893            
3.455126            
2.008667            
2.961758            
3.111238            
2.176833            
2.388959            
4.995542            
1.695074            
2.578896            
3.562856            
2.180085            
1.143620            
3.673547            
1.816066            
2.230435            
2.961758            
1.858135            
4.855321            
3.868851            
2.008667            
1.414988            
2.697083            
6.371542            
3.769331            
2.090454            
2.795977            
5.762516            
4.797808            
2.230435            
2.090454            
2.365320            
4.114103            
1.426293            
3.164965            
2.090454            
2.945503            
2.578896            
4.207765            
0.916019            
2.824259            
2.281998            
2.467942            
2.090454            
1.931069            
2.824259            
2.961758            
3.468553            
2.172632            
1.324788            
1.721098            
3.769331            
1.102319            
3.562856            
1.656101            
3.067122            
5.238356            
1.774885            
2.578896            
2.090454            
3.020282            
1.656101            
1.633721            
2.137773            
3.987236            
5.238356            
2.697083            
2.172632            
1.544971            
1.441245            
2.681351            
1.441245            
3.818414            
2.697083            
1.594917            
4.114103            
2.090454            
0.701834            
1.594917            
1.480178            
3.406253            
1.374540            
0.916019            
2.824259            
2.467942            
7.636687            
6.286398            
3.655804            
3.881681            
3.016448            
2.681351            
1.544971            
1.480178            
2.137773            
1.414988            
1.062453            
3.455126            
5.160236            
1.536334            
2.945503            
3.781096            
2.681351            
2.243669            
6.675548            
2.809694            
0.674935            
6.871688            
2.559802            
1.102319            
2.697083            
2.586826            
0.916019            
1.656393            
4.697990            
2.180085            
4.840799            
1.605265            
2.388959            
3.805340            
2.468609            
1.143620            
2.176833            
3.562856            
4.080232            
3.111238            
1.414988            
1.656101            
1.440036            
4.797808            
1.312906            
1.656101            
2.230435            
3.111238            
5.931143            
3.111238            
1.857305            
2.559802            
3.881681            
5.338237            
0.648860            
2.681351            
2.353645            
3.111238            
1.075919            
3.522378            
1.656393            
1.656101            
1.633721            
1.536334            
1.594917            
1.288104            
1.656101            
0.452027            
2.809694            
1.633721            
2.180085            
3.598574            
2.176833            
2.002551            
4.207765            
1.633721            
5.160236            
1.341081            
2.090454            
2.388959            
0.986753            
1.011538            
8.225001            
2.090454            
4.192744            
2.008667            
2.824259            
3.864899            
2.090454            
1.937369            
2.809694            
1.145081            
5.241197            
3.114661            
2.697083            
5.043171            
4.139603            
2.467942            
1.594917            
1.695074            
3.818414            
5.707557            
2.388959            
4.439683            
3.111238            
4.674275            
1.309346            
2.180085            
4.453218            
2.035879            
2.578896            
1.536334            
2.279863            
2.824259            
2.681351            
3.016448            
3.818414            
1.937369            
2.090454            
1.842481            
4.207765            
1.509299            
2.069334            
2.176833            
4.674275            
3.864899            
2.961758            
1.656101            
5.441474            
4.797808            
1.656101            
2.809694            
2.090454            
2.839570            
1.406409            
1.858135            
2.974123            
4.750280            
1.931069            
1.816066            
3.323164            
1.440036            
1.309346            
2.353645            
1.406409            
3.868851            
0.661004            
0.916019            
2.883782            
1.656101            
2.207928            
2.883782            
6.039962            
2.681351            
1.145081            
3.562856            
4.192744            
1.414988            
1.309346            
3.805340            
3.781096            
3.089562            
3.818414            
2.090454            
3.455126            
2.103343            
5.825437            
2.090454            
3.970535            
1.278211            
5.241197            
1.480178            
2.681351            
3.111238            
3.805340            
2.176833            
2.090454            
1.414988            
2.230435            
2.281998            
4.797808            
1.656393            
3.632714            
3.089562            
3.781096            
2.681351            
1.656101            
1.341081            
1.474326            
1.633721            
2.961758            
2.365320            
0.729586            
2.180085            
2.961758            
1.656393            
2.391251            
2.279863            
6.941161            
1.143620            
2.681351            
2.365320            
0.622802            
3.881681            
2.035879            
2.176833            
4.499557            
2.444462            
3.868851            
2.883782            
2.103343            
4.598630            
3.114661            
5.389915            
1.217683            
1.656393            
4.586152            
3.089562            
1.536334            
3.261644            
1.374540            
4.080232            
3.455126            
2.103343            
2.697083            
1.075919            
2.008667            
1.721098            
3.598574            
2.824259            
1.406409            
2.619766            
2.586826            
3.089562            
1.536334            
3.114661            
1.656101            
1.931069            
2.176833            
3.881681            
1.186431            
