1                               0                   0.10                0                   0                   
11                              0                   0.51                0                   0                   
12                              0                   0.30                0                   0                   
13                              0                   1.32                0                   0                   
14                              0                   0.41                0                   0                   
15                              1                   0.71                1.41                1.42                
16                              0                   0.51                0                   0                   
17                              0                   0.71                0                   0                   
18                              0                   1.42                0                   0                   
19                              0                   0.51                0                   0                   
2                               0                   0.71                0                   0                   
20                              1                   0.30                3.29                3.37                
21                              3                   2.43                1.23                1.26                
22                              6                   2.94                2.04                2.28                
23                              1                   1.01                0.99                0.99                
25                              10                  3.24                3.09                4.03                
26                              0                   1.62                0                   0                   
27                              0                   0.10                0                   0                   
28                              0                   0.10                0                   0                   
29                              0                   0.30                0                   0                   
30                              0                   0.30                0                   0                   
31                              0                   0.20                0                   0                   
32                              0                   0.30                0                   0                   
33                              0                   0.91                0                   0                   
34                              1                   0.61                1.65                1.67                
36                              2                   3.04                0.66                0.64                
37                              2                   1.32                1.52                1.55                
4                               0                   0.30                0                   0                   
5                               1                   0.30                3.29                3.37                
6                               0                   0.61                0                   0                   
7                               0                   1.62                0                   0                   
8                               4                   1.52                2.63                2.87                
9                               0                   0.61                0                   0                   
esp11                           0                   0.20                0                   0                   
esp12                           0                   0.20                0                   0                   
esp2                            0                   0.10                0                   0                   
esp3                            0                   0.30                0                   0                   
esp5                            0                   0.20                0                   0                   
esp9                            0                   0.10                0                   0                   
