1.952098            
3.235545            
7.000971            
3.116888            
1.750916            
1.575236            
2.833919            
2.502188            
5.309830            
2.828559            
7.000971            
4.637514            
2.828559            
1.976401            
3.897881            
3.323061            
0.999302            
2.333070            
1.183967            
2.979061            
3.317198            
1.565636            
2.828559            
2.936849            
3.099884            
3.893398            
4.002782            
2.198734            
1.990444            
2.828559            
4.766163            
4.270007            
3.317198            
2.968764            
6.471077            
2.549966            
1.575236            
1.976401            
4.350780            
2.066439            
4.637514            
2.549966            
2.684149            
3.135253            
2.612164            
2.979061            
2.163957            
2.681793            
3.028660            
2.296776            
1.575236            
7.000971            
7.000971            
3.135253            
3.424131            
3.897881            
3.119675            
6.264219            
1.550091            
2.502188            
5.025554            
4.898884            
2.971162            
1.978702            
3.755631            
1.550091            
2.414681            
1.747881            
4.636928            
1.460001            
1.100846            
4.229212            
3.135253            
2.828559            
2.828559            
3.292340            
3.083001            
3.831026            
4.905057            
3.897881            
2.636878            
2.620536            
1.750916            
6.987897            
2.902668            
5.765330            
1.324434            
1.863334            
2.230902            
3.135253            
3.831026            
7.000971            
3.252113            
2.225144            
5.860745            
0.955974            
3.135253            
1.581051            
1.460649            
2.214044            
4.637514            
2.908596            
4.898884            
3.235545            
3.135253            
2.636878            
2.066439            
2.327825            
1.494735            
2.681793            
4.132455            
4.497990            
3.897881            
3.155273            
1.790321            
2.612164            
3.893398            
1.502349            
1.976401            
3.349415            
4.637514            
2.612164            
1.861670            
6.232209            
0.955974            
3.610073            
3.135253            
5.453754            
2.612164            
3.528403            
3.554305            
2.612164            
2.414681            
3.349415            
4.361791            
2.458571            
3.771846            
4.637514            
3.897881            
4.074304            
3.770746            
3.755631            
2.209162            
2.903578            
4.637514            
1.976214            
2.066439            
3.235545            
3.135253            
3.135253            
3.135253            
3.161081            
2.903578            
3.317198            
3.235545            
1.162261            
3.135253            
3.831026            
1.444142            
2.828559            
4.670280            
2.185815            
2.066439            
2.828559            
1.551284            
2.828559            
4.637514            
1.881671            
1.449399            
2.066439            
3.838043            
2.198734            
2.681793            
2.612164            
2.858928            
2.457654            
1.343954            
1.793301            
4.898884            
2.612164            
2.828559            
1.575236            
1.978702            
4.229212            
2.620536            
5.535929            
3.892623            
4.637514            
2.903578            
2.044993            
4.229212            
7.100802            
4.794378            
3.135253            
1.979957            
1.976401            
2.664399            
2.828559            
3.068787            
3.135253            
2.502188            
4.637514            
2.234035            
1.464310            
4.637514            
1.578416            
3.944954            
3.135253            
3.996599            
2.828559            
1.550091            
3.252113            
3.790124            
4.898884            
2.230902            
2.052605            
2.612164            
2.903578            
2.044993            
5.765330            
3.831026            
3.292340            
1.647238            
2.828559            
1.117301            
1.016474            
6.121270            
2.163957            
1.979957            
2.828559            
1.222820            
1.845892            
4.270007            
4.633869            
2.833919            
2.681793            
2.968764            
2.828559            
2.971162            
5.309830            
1.550091            
3.135253            
2.414681            
2.214044            
1.575236            
3.235545            
7.000971            
2.828559            
3.626840            
2.828559            
3.680906            
2.828559            
1.664448            
1.370498            
2.230902            
2.163957            
1.750916            
3.292340            
3.897881            
3.831026            
2.851491            
6.586485            
2.828559            
1.895675            
4.504236            
1.861670            
3.135253            
3.235545            
2.828559            
1.581051            
2.612164            
5.433783            
7.443036            
5.535929            
2.296776            
3.317198            
3.235545            
2.971162            
2.173705            
3.135253            
5.932212            
2.230902            
1.222820            
4.865477            
3.770190            
1.575236            
2.414681            
6.976841            
1.924672            
2.684149            
3.135253            
4.229212            
1.310409            
7.000971            
2.828559            
4.637514            
1.449260            
2.269638            
5.309347            
3.280767            
4.329197            
2.294047            
2.198734            
0.955974            
3.787124            
2.903578            
2.828559            
3.161081            
3.276670            
1.540533            
2.612164            
0.967293            
1.953441            
4.849023            
1.621725            
2.230902            
1.193334            
2.198734            
3.820286            
4.340231            
1.596592            
2.828559            
1.550091            
8.020350            
3.199101            
3.135253            
4.511695            
2.828559            
1.978702            
5.932212            
2.323013            
2.902668            
2.828559            
3.135253            
2.457654            
5.312563            
2.066439            
2.697015            
4.637514            
3.831026            
3.920239            
2.968764            
2.636878            
4.766163            
3.523317            
4.637514            
3.241863            
2.389817            
3.292340            
3.897881            
2.903578            
2.044993            
1.575236            
3.770746            
4.228767            
2.828559            
3.599130            
2.099229            
2.828559            
1.466860            
1.646734            
2.681793            
3.996599            
3.831026            
2.066439            
4.849023            
3.093338            
1.173197            
2.828559            
7.000971            
3.944954            
1.550091            
3.687208            
2.828559            
1.976401            
1.123377            
1.575236            
1.370498            
2.985871            
4.924008            
2.828559            
1.449399            
2.995897            
3.323061            
2.230902            
4.269406            
3.893398            
0.955974            
6.619571            
2.828559            
2.828559            
4.270007            
2.549966            
4.229212            
4.229212            
7.443036            
2.612164            
1.225224            
2.985871            
1.550091            
4.637514            
1.492703            
4.637514            
3.770746            
1.222820            
3.790124            
2.698612            
1.621725            
1.498294            
3.135253            
2.902668            
2.612164            
3.714037            
2.828559            
4.229212            
2.198734            
2.230902            
3.528403            
1.724078            
1.664810            
3.007619            
2.333070            
4.318302            
3.317198            
2.234035            
2.066439            
2.936849            
1.752912            
1.575236            
1.952098            
5.064496            
1.222820            
3.523317            
0.816609            
2.849563            
5.271062            
3.831026            
1.596592            
3.831026            
2.828559            
3.599130            
2.828559            
1.908873            
1.550091            
2.828559            
3.292340            
1.343954            
1.596592            
3.831026            
4.590164            
3.820286            
1.952098            
2.066439            
2.066439            
2.214044            
1.889947            
2.828559            
1.861670            
2.828559            
1.222820            
2.375552            
5.669168            
4.206572            
2.612164            
4.609407            
1.225224            
4.637514            
3.831026            
2.612164            
1.449399            
1.752912            
9.395722            
5.932212            
1.575236            
2.333070            
2.198734            
2.636878            
2.056841            
4.229212            
2.296776            
2.198734            
2.274908            
1.881671            
1.466860            
4.229212            
2.828559            
3.363436            
4.387434            
1.765073            
2.612164            
4.134849            
3.996803            
2.472864            
2.828559            
1.324434            
4.637514            
2.828559            
2.828559            
2.828559            
1.575236            
1.719988            
1.982978            
1.581051            
3.897881            
2.886501            
2.549966            
2.759660            
3.093338            
5.765330            
2.828559            
4.637514            
2.150947            
3.645061            
1.504486            
1.664810            
2.612164            
1.581051            
1.676680            
7.799843            
1.596592            
1.370498            
4.498967            
2.198734            
8.775186            
2.828794            
2.828559            
1.443479            
2.228315            
1.990444            
3.831026            
4.175423            
1.225224            
1.734098            
1.952098            
2.559542            
2.612164            
1.550091            
1.621725            
1.581051            
2.209162            
4.511695            
1.648169            
4.809512            
2.175038            
1.810803            
6.059689            
2.666342            
2.851491            
2.198734            
3.075874            
6.896523            
1.343954            
2.414681            
3.687208            
2.828559            
2.828559            
1.550091            
2.681793            
2.520030            
7.498757            
1.581051            
1.976214            
6.121270            
2.016684            
1.750916            
2.612164            
2.198734            
3.317198            
2.259943            
2.066439            
2.227152            
1.550091            
10.252748           
4.461222            
3.135253            
3.235545            
2.616451            
3.831026            
2.828559            
2.828559            
2.612164            
3.161081            
3.820286            
2.828559            
2.066439            
3.831026            
2.828559            
1.575236            
4.206572            
3.684489            
3.007619            
3.831026            
4.555022            
1.222820            
3.599130            
2.828559            
4.364100            
3.374505            
5.932212            
2.644827            
1.343954            
5.765330            
2.968764            
2.632049            
4.637514            
3.921409            
2.414681            
1.861670            
2.198734            
3.996599            
7.000971            
1.581051            
0.967293            
3.135253            
3.831026            
3.831026            
2.828559            
2.828559            
4.914050            
2.574491            
2.281141            
4.871487            
5.076256            
1.917009            
2.909478            
2.150947            
1.952098            
9.395722            
2.163957            
5.322214            
2.936849            
2.903578            
1.222820            
2.872711            
3.116310            
2.230902            
2.612164            
4.694196            
3.897881            
2.230902            
2.828559            
2.616451            
2.612164            
2.323013            
3.528403            
3.235545            
3.897881            
3.135253            
3.831026            
2.828559            
4.229212            
3.714037            
1.880973            
1.765073            
4.590164            
2.828559            
3.116888            
1.494735            
1.976401            
2.559542            
0.967293            
1.389774            
2.902668            
2.230902            
0.967293            
3.831026            
3.790124            
2.908596            
2.759660            
2.828559            
1.861670            
4.002782            
6.576159            
3.323061            
2.903578            
2.828559            
2.828559            
4.228767            
2.230902            
3.599130            
3.075874            
1.861670            
1.494735            
2.099229            
2.909478            
4.849023            
4.849023            
3.235545            
7.674032            
2.828559            
1.575236            
2.559542            
4.072252            
4.896323            
4.141204            
2.198734            
4.637514            
2.327825            
1.747881            
2.903578            
3.579604            
2.234035            
2.828559            
2.173705            
5.578798            
4.637514            
3.959372            
3.235545            
4.483080            
2.296776            
5.702304            
6.041064            
2.902668            
3.528403            
5.795292            
3.140987            
2.684149            
4.229212            
1.724078            
3.684489            
3.579604            
3.523317            
1.290026            
2.759660            
2.828559            
1.222820            
2.230902            
2.062541            
2.612164            
3.199101            
2.828559            
3.349415            
2.227152            
1.581051            
3.135253            
3.999638            
2.173705            
2.891808            
3.831026            
1.575236            
3.554305            
3.648797            
3.226837            
7.000971            
4.849023            
2.828559            
2.828559            
3.235545            
3.374505            
3.083001            
2.198734            
2.731572            
2.442763            
2.230902            
4.637514            
1.752912            
2.230902            
2.828559            
5.287330            
2.971162            
2.198734            
2.636878            
2.828559            
3.135253            
3.135253            
1.861670            
1.978702            
3.135253            
3.996599            
2.066439            
2.828559            
2.828559            
4.590164            
3.317198            
2.414681            
5.261736            
2.616451            
1.581051            
2.502188            
2.612164            
3.109022            
4.175423            
2.851491            
1.646734            
4.318302            
1.747881            
3.528403            
2.828559            
3.996599            
2.851491            
1.550091            
3.135253            
2.828559            
2.828559            
2.828559            
1.025820            
3.771846            
2.333070            
2.794496            
3.235545            
2.828559            
1.581051            
2.198734            
2.066439            
1.664448            
4.637514            
5.470684            
3.317198            
5.143417            
4.497990            
2.616451            
1.222820            
3.187527            
1.550091            
2.612164            
2.099229            
3.897881            
4.910326            
1.427137            
1.979957            
2.356693            
1.427137            
6.987897            
3.028660            
2.155265            
2.903578            
1.324434            
1.371330            
0.747484            
2.828559            
3.523317            
5.463224            
2.214044            
2.066439            
2.502188            
2.494143            
1.064539            
5.340609            
1.222820            
2.323013            
3.199101            
4.504236            
1.724078            
2.903578            
4.074304            
4.132455            
2.612164            
2.612164            
3.396530            
2.462152            
3.135253            
3.425423            
2.828559            
2.173705            
4.229212            
1.861670            
2.230902            
1.222820            
4.042999            
2.858928            
2.828559            
2.066439            
2.056841            
2.230902            
2.891808            
2.052605            
2.457654            
1.952098            
3.687208            
1.373600            
2.828559            
5.937042            
4.849023            
5.765330            
2.828559            
2.756083            
2.636878            
1.222820            
3.349415            
1.952098            
1.881671            
5.910601            
3.283236            
2.828559            
1.575236            
2.735935            
3.897881            
3.755631            
2.828559            
2.056841            
3.135253            
7.146711            
2.066439            
2.230902            
2.971162            
7.261952            
2.903578            
3.199101            
2.636878            
2.903578            
2.612164            
3.523317            
2.066439            
2.549966            
3.161081            
5.378148            
2.134383            
2.828559            
1.581051            
3.999638            
2.828559            
1.343954            
2.230902            
3.533513            
2.828559            
3.323061            
2.230902            
5.669168            
3.116310            
4.898884            
3.226837            
4.637514            
1.464310            
3.397185            
2.828559            
3.196453            
3.944954            
1.719988            
2.858928            
2.698612            
3.083001            
3.135253            
2.176212            
3.770190            
1.978702            
3.770746            
1.581051            
1.173197            
3.155273            
3.211732            
3.093338            
3.155273            
5.492520            
2.612164            
1.005017            
2.259943            
1.575236            
2.828559            
2.296776            
1.575236            
3.041994            
4.225911            
2.071317            
3.235545            
5.455367            
3.770746            
4.737656            
5.932212            
1.724078            
2.828559            
2.214044            
4.132455            
2.828559            
2.828559            
2.612164            
3.235545            
2.230902            
3.135253            
2.198734            
1.575236            
2.414681            
2.891808            
2.198734            
2.150947            
1.976401            
2.819785            
1.881671            
2.175038            
1.621725            
4.884412            
2.150947            
2.828559            
2.968764            
1.298931            
4.025590            
2.227152            
3.155273            
2.612164            
6.041064            
2.828559            
2.230902            
1.861670            
2.811560            
3.349415            
1.529907            
1.880973            
3.241863            
1.370498            
3.831026            
